0042211343310412424303023402103241243403
0101222042202004212243002120311243011102
0203242434143412010301323302231424340423
0203421323103110004430240323222210421024
0214002114110413233102020003411043400143
0340332422323111142433003113240220142121
0441124114134441102410444203142130414400
1010400230231432301330143324000332202011
1041310442443120221012343233140143103013
1042040012143042123211201010124140434110
1111334101340040232101244000224040033242
1140303010313403323231230340030221304210
1214221314212301301224122432220322001130
1221241222004121213444004410314320404413
1332023312202101024200231433100132013201
1411132403410402100023301342320304322421
2004111242043231344100124203223200243313
2033212333310232401304424010230411003013
2210244203103014004132113010302003201300
2430410322414023011020343204404313032411
3101242440330243113020300130044340340103
3101431213412043422213330223323310011222
3223234410401434313034204222200242043422
3224202313310424300421411244400041114034
3241242414434243043214014300102222220224
3312322241444413423332314012123001121004
3324010333011023014302210000133420010033
3431422143240201200110243211001031030121
3444004204111114242120031021122343022003
4122442113341414021112240141213123230023
4141410440131313310423401340343333444300
4200232103002200132304100032010113431423
4204142112033341131103212032103243030342
4322203310040002102300232201004023201042
4324014414142403102313101212132012001040
4400110212002300030430244223300444101433
4402421431224343013434233320032000203402
4403323124133400130123003321401012224444
4412101202404201131403403011221331100224
4430431013332033432401240241234412141334